DA NI=12 NO=200 MA=CM
CM FU
2.348 	1.293 	2.190 	1.003 	1.191 	0.867 	1.102 	0.834 	0.799 	0.762 	0.674 	0.903 
1.293 	1.713 	1.727 	0.714 	0.877 	0.644 	0.790 	0.569 	0.493 	0.610 	0.585 	0.839 
2.190 	1.727 	3.408 	1.370 	1.711 	1.226 	1.258 	1.019 	0.955 	0.971 	1.092 	1.442 
1.003 	0.714 	1.370 	2.374 	2.180 	1.637 	0.867 	0.773 	0.753 	0.912 	0.996 	1.172 
1.191 	0.877 	1.711 	2.180 	3.161 	1.903 	1.045 	1.002 	0.956 	0.944 	1.030 	1.261 
0.867 	0.644 	1.226 	1.637 	1.903 	1.956 	0.867 	0.818 	0.802 	0.679 	0.776 	0.870 
1.102 	0.790 	1.258 	0.867 	1.045 	0.867 	2.141 	1.382 	1.174 	0.707 	0.779 	0.969 
0.834 	0.569 	1.019 	0.773 	1.002 	0.818 	1.382 	1.985 	1.285 	0.600 	0.808 	0.750 
0.799 	0.493 	0.955 	0.753 	0.956 	0.802 	1.174 	1.285 	1.588 	0.518 	0.624 	0.697 
0.762 	0.610 	0.971 	0.912 	0.944 	0.679 	0.707 	0.600 	0.518 	1.695 	1.005 	1.216 
0.674 	0.585 	1.092 	0.996 	1.030 	0.776 	0.779 	0.808 	0.624 	1.005 	1.672 	1.246 
0.903 	0.839 	1.442 	1.172 	1.261 	0.870 	0.969 	0.750 	0.697 	1.216 	1.246 	2.143 

MO NY =9 NX = 3 NK=2 NE=3
VA 1 LY 1 1 LY 4 2 LY 7 3 PH 1 1 PH 2 2
FI GA 1 2 GA 2 2 GA 3 2
FR LY 2 1 LY 3 1 LY 5 2 LY 6 2 LY 8 3 LY 9 3 LX 1 2 LX 2 2 LX 3 2 GA 1 1 GA 2 1 GA 3 1
OU ME=ML SS SC ND=3


